814711606	124
759224212	171
617667090	273
955357205	282
513417565	522
816200339	673
450563752	682
512878119	888
621386563	948
902102267	962
837559306	1266
860673511	1273
728815257	1485
972292029	1673
505716836	1705
341417157	1779
898523128	1815
423331391	2021
994022214	2117
406502997	2125
142278373	2187
795490682	2225
385383069	2269
886494815	2370
963881480	2804
868214595	2847
158535134	2924
547995746	2974
699285638	3015
441888415	3457
114606559	3482
789176547	3732
162052476	3784
441619336	3830
189965903	3987
844530045	4063
122583663	4085
939825713	4168
135425221	4187
699358165	4477
213487374	4513
345718562	4660
569662845	4750
825304400	4767
832401311	4901
462405812	5010
115456712	5062
740147912	5070
435608613	5124
665095412	5367
347140347	5398
519820964	5430
807025039	5498
177636754	5518
494747245	5559
585920464	5741
559427106	5767
686048400	5822
322067916	5908
223359620	5930
770463311	6070
705784308	6116
810711038	6267
456767165	6409
430915820	6422
827844560	6457
286959302	6489
616607081	6593
320009267	6708
419123971	6952
986435210	6954
259353148	7215
382392299	7234
756274640	7327
610425555	7342
819028031	7450
508980977	7637
787399423	7842
663110148	7884
660643374	7910
871543967	8082
514321792	8102
963392674	8156
177713572	8250
187310731	8263
166460740	8287
688288152	8614
555990016	8656
228944623	8656
249693334	8661
180283772	8829
331438481	8867
522840487	8974
217221009	9379
240470397	9389
918419539	9606
670854651	9654
231145322	9892
647876489	9905
669165933	9925
